==============================
        8-PUZZLE SOLUTION
==============================

Initial Board:
-------------
 0  3  6
 4  7  8
 1  2  5

Step 1
-------------
 3  0  6
 4  7  8
 1  2  5

Step 2
-------------
 3  6  0
 4  7  8
 1  2  5

Step 3
-------------
 3  6  8
 4  7  0
 1  2  5

Step 4
-------------
 3  6  8
 4  0  7
 1  2  5

Step 5
-------------
 3  6  8
 0  4  7
 1  2  5

Step 6
-------------
 3  6  8
 1  4  7
 0  2  5

Step 7
-------------
 3  6  8
 1  4  7
 2  0  5

Step 8
-------------
 3  6  8
 1  4  7
 2  5  0

Step 9
-------------
 3  6  8
 1  4  0
 2  5  7

Step 10
-------------
 3  6  8
 1  0  4
 2  5  7

Step 11
-------------
 3  6  8
 0  1  4
 2  5  7

Step 12
-------------
 3  6  8
 2  1  4
 0  5  7

Step 13
-------------
 3  6  8
 2  1  4
 5  0  7

Step 14
-------------
 3  6  8
 2  1  4
 5  7  0

Step 15
-------------
 3  6  8
 2  1  0
 5  7  4

Step 16
-------------
 3  6  8
 2  0  1
 5  7  4

Step 17
-------------
 3  6  8
 0  2  1
 5  7  4

Step 18
-------------
 3  6  8
 5  2  1
 0  7  4

Step 19
-------------
 3  6  8
 5  2  1
 7  0  4

Step 20
-------------
 3  6  8
 5  2  1
 7  4  0

Step 21
-------------
 3  6  8
 5  2  0
 7  4  1

Step 22
-------------
 3  6  8
 5  0  2
 7  4  1

Step 23
-------------
 3  6  8
 0  5  2
 7  4  1

Step 24
-------------
 3  6  8
 7  5  2
 0  4  1

Step 25
-------------
 3  6  8
 7  5  2
 4  0  1

Step 26
-------------
 3  6  8
 7  5  2
 4  1  0

Step 27
-------------
 3  6  8
 7  5  0
 4  1  2

Step 28
-------------
 3  6  8
 7  0  5
 4  1  2

Step 29
-------------
 3  6  8
 0  7  5
 4  1  2

Step 30
-------------
 3  6  8
 4  7  5
 0  1  2

Step 31
-------------
 3  6  8
 4  7  5
 1  0  2

Step 32
-------------
 3  6  8
 4  0  5
 1  7  2

Step 33
-------------
 3  6  8
 0  4  5
 1  7  2

Step 34
-------------
 3  6  8
 1  4  5
 0  7  2

Step 35
-------------
 3  6  8
 1  4  5
 7  0  2

Step 36
-------------
 3  6  8
 1  4  5
 7  2  0

Step 37
-------------
 3  6  8
 1  4  0
 7  2  5

Step 38
-------------
 3  6  0
 1  4  8
 7  2  5

Step 39
-------------
 3  0  6
 1  4  8
 7  2  5

Step 40
-------------
 0  3  6
 1  4  8
 7  2  5

Step 41
-------------
 1  3  6
 0  4  8
 7  2  5

Step 42
-------------
 1  3  6
 4  0  8
 7  2  5

Step 43
-------------
 1  3  6
 4  2  8
 7  0  5

Step 44
-------------
 1  3  6
 4  2  8
 7  5  0

Step 45
-------------
 1  3  6
 4  2  0
 7  5  8

Step 46
-------------
 1  3  0
 4  2  6
 7  5  8

Step 47
-------------
 1  0  3
 4  2  6
 7  5  8

Step 48
-------------
 1  2  3
 4  0  6
 7  5  8

Step 49
-------------
 1  2  3
 4  5  6
 7  0  8

Step 50
-------------
 1  2  3
 4  5  6
 7  8  0

==============================
Total Cost (Depth): 50
Total Steps: 50
Execution Time: 0.009513 seconds
==============================
